1.047050507829845856e+02 2.840582032329941597e+01 2.510196484546704809e+01 2.400304960058784332e+01 2.327022302118928110e+01 2.305531109171469950e+01 2.304388608112517289e+01 2.303567527296855388e+01 2.303155163368831992e+01 2.297349571309502636e+01 2.297349571309502636e+01 2.297349571309502636e+01 2.297349571309502636e+01 2.297349571309502636e+01 2.297349571309502636e+01 2.297349571309502636e+01 2.297349571309502636e+01 2.297349571309502636e+01 2.297349571309502636e+01 2.297349571309502636e+01
1.096648137077243348e+02 2.803451425743988423e+01 2.384835253951158052e+01 2.293080258288382822e+01 2.241629007282854502e+01 2.228078459174562198e+01 2.204843911860337968e+01 2.200305307153084300e+01 2.181410548312202735e+01 2.178897049763039817e+01 2.173412847668862824e+01 2.153322450204477434e+01 2.140004345441639444e+01 2.130541725157111088e+01 2.125384153307632928e+01 2.125384153307632928e+01 2.125384153307632928e+01 2.125384153307632928e+01 2.125384153307632928e+01 2.125384153307632928e+01
1.028333877873868119e+02 2.782093475291697970e+01 2.410019005685428795e+01 2.275953591745704330e+01 2.189825996873741332e+01 2.160520957270472664e+01 2.156846052996334251e+01 2.151484345857828018e+01 2.147808144663233065e+01 2.143932845610606108e+01 2.143932845610606108e+01 2.142151428829695448e+01 2.142151428829695448e+01 2.142151428829695448e+01 2.142151428829695448e+01 2.142151428829695448e+01 2.142151428829695448e+01 2.142151428829695448e+01 2.142151428829695448e+01 2.142151428829695448e+01
1.013398420952681533e+02 2.708959785214761951e+01 2.391519261407641750e+01 2.259473973526199586e+01 2.195082969584887422e+01 2.136863895912565070e+01 2.123002207611622438e+01 2.123002207611622438e+01 2.119415381234651363e+01 2.111194684490457263e+01 2.104886589662257279e+01 2.101261422681714208e+01 2.097226507243595606e+01 2.097226507243595606e+01 2.097226507243595606e+01 2.097226507243595606e+01 2.097226507243595606e+01 2.097226507243595606e+01 2.097226507243595606e+01 2.097226507243595606e+01
1.015108154870759591e+02 2.953023089952523961e+01 2.668228288781510926e+01 2.601626665604092636e+01 2.562355537683472306e+01 2.507126096692552863e+01 2.466745136881543843e+01 2.407123118624237534e+01 2.406653686570038175e+01 2.406653686570038175e+01 2.406653686570038175e+01 2.406653686570038175e+01 2.406653686570038175e+01 2.406653686570038175e+01 2.406653686570038175e+01 2.406653686570038175e+01 2.406653686570038175e+01 2.406653686570038175e+01 2.406653686570038175e+01 2.406653686570038175e+01
1.013817331458602240e+02 2.946658948631004193e+01 2.471837832436511917e+01 2.200663371070741192e+01 2.169422087796130683e+01 2.141391004415847021e+01 2.121025206945834185e+01 2.119143764500640259e+01 2.118254915332739330e+01 2.118254915332739330e+01 2.118254915332739330e+01 2.118254915332739330e+01 2.118254915332739330e+01 2.118254915332739330e+01 2.118254915332739330e+01 2.118254915332739330e+01 2.118254915332739330e+01 2.118254915332739330e+01 2.118254915332739330e+01 2.118254915332739330e+01
1.028945018712885968e+02 2.921334811423588462e+01 2.567275630396845187e+01 2.314865864457000555e+01 2.213506147862177542e+01 2.143529387006386955e+01 2.114425131486418508e+01 2.103719333118463908e+01 2.081197087945636781e+01 2.081197087945636781e+01 2.081197087945636781e+01 2.081090142258993936e+01 2.080293323913238623e+01 2.080293323913238623e+01 2.080293323913238623e+01 2.080293323913238623e+01 2.080293323913238623e+01 2.080293323913238623e+01 2.080293323913238623e+01 2.080293323913238623e+01
1.081402941481925950e+02 2.815316784723753329e+01 2.617889163075966152e+01 2.418398299770703019e+01 2.299674774266809507e+01 2.275920086431721145e+01 2.209115186161280420e+01 2.203884215784546186e+01 2.201154725620336094e+01 2.200882899395528725e+01 2.200882899395528725e+01 2.200882899395528725e+01 2.200882899395528725e+01 2.200882899395528725e+01 2.200882899395528725e+01 2.200882899395528725e+01 2.200882899395528725e+01 2.200882899395528725e+01 2.200882899395528725e+01 2.200882899395528725e+01
9.839954861511415629e+01 3.051410978689711939e+01 2.803491097410041633e+01 2.652699777926581248e+01 2.527072668552938950e+01 2.454474522170960071e+01 2.423326456105695570e+01 2.417297858527211929e+01 2.403642564197414444e+01 2.378612205958695114e+01 2.350274289623137136e+01 2.346688290367669083e+01 2.346688290367669083e+01 2.343182506047385161e+01 2.343018970526725298e+01 2.343018970526725298e+01 2.339273607391346843e+01 2.339273607391346843e+01 2.339273607391346843e+01 2.339273607391346843e+01
9.994803689187237694e+01 2.951975598543992163e+01 2.488151229788210728e+01 2.340851560065346959e+01 2.270838582697163588e+01 2.238494948845294985e+01 2.225087725219776758e+01 2.217750987874268631e+01 2.184388587488409783e+01 2.161545675686892309e+01 2.154795570372902347e+01 2.154478935003460194e+01 2.154185312180197798e+01 2.154101721122787083e+01 2.154101721122787083e+01 2.154101721122787083e+01 2.154101721122787083e+01 2.154101721122787083e+01 2.154101721122787083e+01 2.154101721122787083e+01
1.016542402610569269e+02 2.868898442986028030e+01 2.582168312182931658e+01 2.441386853156363657e+01 2.403132493175576556e+01 2.378329479359173604e+01 2.374737554584473287e+01 2.369243102337339835e+01 2.365491925750465541e+01 2.354520850529067744e+01 2.346681646949440747e+01 2.346284584664218897e+01 2.343812890918838931e+01 2.343812890918838931e+01 2.343812890918838931e+01 2.343812890918838931e+01 2.343812890918838931e+01 2.343812890918838931e+01 2.343812890918838931e+01 2.343812890918838931e+01
1.054498188788667647e+02 2.803234615056493340e+01 2.593337084426819317e+01 2.545915052326495953e+01 2.499478048158789179e+01 2.469568464078177072e+01 2.412556709728386650e+01 2.382035759771780548e+01 2.360917502783286892e+01 2.355852547381577367e+01 2.355852547381577367e+01 2.355616630486209218e+01 2.351242755212597046e+01 2.350556186129850644e+01 2.348173507982876629e+01 2.348173507982876629e+01 2.348173507982876629e+01 2.348173507982876629e+01 2.348173507982876629e+01 2.348173507982876629e+01
1.025628190194786384e+02 3.020276515736625811e+01 2.658764015689821747e+01 2.514746342608012597e+01 2.426283182746946210e+01 2.357999645000770172e+01 2.347330800314464483e+01 2.343340599806012747e+01 2.340774499417448240e+01 2.338461053030692938e+01 2.337675208929611159e+01 2.337675208929611159e+01 2.337675208929611159e+01 2.337675208929611159e+01 2.337675208929611159e+01 2.337675208929611159e+01 2.337675208929611159e+01 2.337675208929611159e+01 2.337675208929611159e+01 2.337675208929611159e+01
1.037150122912663477e+02 2.710768238108116535e+01 2.330252967965442679e+01 2.236364722115071757e+01 2.172855650731281685e+01 2.127149130417814504e+01 2.103274832691162288e+01 2.064679797352919621e+01 2.060922758338890048e+01 2.060897523450570645e+01 2.060897523450570645e+01 2.060897523450570645e+01 2.060897523450570645e+01 2.060897523450570645e+01 2.060897523450570645e+01 2.060897523450570645e+01 2.060897523450570645e+01 2.060897523450570645e+01 2.060897523450570645e+01 2.060897523450570645e+01
1.005186956672971519e+02 2.809150710892779657e+01 2.529272520293936566e+01 2.377058357701488944e+01 2.312043914202538986e+01 2.247132848320282150e+01 2.226415015127383157e+01 2.213683131416686223e+01 2.209051595435103010e+01 2.206960788221172720e+01 2.206960788221172720e+01 2.206960788221172720e+01 2.206960788221172720e+01 2.206960788221172720e+01 2.206960788221172720e+01 2.206960788221172720e+01 2.206960788221172720e+01 2.206960788221172720e+01 2.206960788221172720e+01 2.206960788221172720e+01
1.064234644891198371e+02 2.857794938550829400e+01 2.492615779516420815e+01 2.383549129259237986e+01 2.319537365802708351e+01 2.309665494564171695e+01 2.300502874634461747e+01 2.300110013916116358e+01 2.297975642431736176e+01 2.284179903105060561e+01 2.284179903105060561e+01 2.284179903105060561e+01 2.284179903105060561e+01 2.284179903105060561e+01 2.284179903105060561e+01 2.284179903105060561e+01 2.284179903105060561e+01 2.284179903105060561e+01 2.284179903105060561e+01 2.284179903105060561e+01
9.808073494345038057e+01 2.713065102838002574e+01 2.406804553155635773e+01 2.311706486408808203e+01 2.252563214321882157e+01 2.236169018994083757e+01 2.215914666148301038e+01 2.193941137805444086e+01 2.193193535862476651e+01 2.193193535862476651e+01 2.193193535862476651e+01 2.193193535862476651e+01 2.193193535862476651e+01 2.189866576098224726e+01 2.189547445825024141e+01 2.189264784788884199e+01 2.189264784788884199e+01 2.189264784788884199e+01 2.189264784788884199e+01 2.189264784788884199e+01
1.011634940367809037e+02 2.885909811113478796e+01 2.576458871088861713e+01 2.489630910215733550e+01 2.380598776096256231e+01 2.344680189423813488e+01 2.297847967640321087e+01 2.273383041262332682e+01 2.252347168324423876e+01 2.246290068995078215e+01 2.229461458902379789e+01 2.214752092598442346e+01 2.182657961289186943e+01 2.178064732732060804e+01 2.172165892158221467e+01 2.169444449195210467e+01 2.163245884073837999e+01 2.163119989879152882e+01 2.160956000814965350e+01 2.160683957463903937e+01
1.030129826356058658e+02 2.897717221241814300e+01 2.528584819425322650e+01 2.379233611178881347e+01 2.271684425087812542e+01 2.211128430633777953e+01 2.206285473079872617e+01 2.206285473079872617e+01 2.165190024225666221e+01 2.125850179166208775e+01 2.069127572367947110e+01 2.044960853918282595e+01 2.018127677800132602e+01 1.927056862864733588e+01 1.879033929399934166e+01 1.871147710190424007e+01 1.865255214660497174e+01 1.851731457132413894e+01 1.845085581243829509e+01 1.845051158561111393e+01
1.001020323275420054e+02 2.828562998816661178e+01 2.543933701928252589e+01 2.473825562887969198e+01 2.397938632393735148e+01 2.380943389978718017e+01 2.364435875043638546e+01 2.350647862059567217e+01 2.325662359587758132e+01 2.323523113926480477e+01 2.322550443806374787e+01 2.322469204690676747e+01 2.321449706367901555e+01 2.321449706367901555e+01 2.321212560538013392e+01 2.321212560538013392e+01 2.321212560538013392e+01 2.321212560538013392e+01 2.321212560538013392e+01 2.321212560538013392e+01
